$ANSIBLE_VAULT;1.1;AES256
38343463336364333138653235666435663836663335323661363331623830303130303736613864
3239346662616439383532376561386534613662323132370a626633623830363736613734656332
38313937656333653065643135666431393339393566303731393036333739393564653764393836
6665313364653638320a376234363034656238373165386330363439326563303833336230376435
31396238353165346663633639613764396337306231326233326430626137323562383934373034
35613030613133313561383436313263306266633231316134653836396637666362383730336138
63383031623033343737333133396638656366373166636339303963343230643036346266623235
62343631326665646163613333333039316366396461333464343964663565333866333131353965
65333865633832373132353637396639316533383262353761643539383030353764663466393838
39646236633263366663613339613431616665323035653431383337356234303937633630396561
31336635626639313963663838373737353465316237316364343433313139323934323564623233
66363132303862316261346335313830626131346538626561326461336139366165386337613335
31343334373438626431646330643434643633356532383437323662343966626464623738633535
64366562323638323031653564636338386466326435353264636335353565336234663138373435
62646537663033636539393165613163383163653065393762616165316239653238393237373839
36343633303962343961343438653861623163656534663532333339373364626663393137373238
62346362316532656563373661666236393434383633383261646435373633626366356166653739
64363230396237333965376238373935333533643338396366636534633732633463343435623831
64333638393035343837323566626263633732663134353630373465396361336632346535646235
34626139383462346562326666646635663136613064333630616464626330626163643633643039
35366232373637323038653135313537343934616561663335336566613834653637383135633265
39343234313938336561633935353261323565653732323234663562366662323163303864393066
63386164633434643664366663326430623730326638663262313637666432336133613535633131
32333134363136306330376130363537383339646534666565653534613235393862303163613339
34373631663861353338363963646164653630653131363731323233616438333464626562356436
34383837313361316463616533353165623763356635353163643532623532646431396433623735
31656461653962356562303964323038343066623930336131646561363931623764366264316563
39383165306333383434343463343939646564396638656363633162623838616534313435333964
37643237616232323664653730383239656138316536356532363338396539653663376232623533
65643235343264633262373661333361363561613563303363613265663332313863316562396132
38396563326463343030346339393038313634323261396431636136306261626137643637666332
35366634376662303563613633623734343734656135613262333635353536303635613836366637
65623264393934356636633535663836383237653761626439373836643266353031343735663131
32353834303361356361333236653361346136643331633963303636363732363634333138316635
31626236623463633263613330393737366637396337356237643863353334653434363131633835
64356139306365326564373064333235656434333632336233303930353538393833623535616437
34356135346436383265363633306463613631313634396539313538386362343231616564623935
64613139623666386631396330366662626561636630653533643862666263663266333539356530
61366435336363646466333332393763626164306566336633333335626561336164393237333330
35643833383932653636383939353662363164643730323634303037346631613931393739326666
39653462636331323236333739343964336666336338636636363535353966333538643539363135
39383832346265323137356465326666313835626564363337333966626366313764656633643565
34373936366262323937363431616639386333653433653332373237623334396331303533626433
31623665666538643035306434386438363134636666323766303732346330386339323138633465
65346635643632376436363834633933303234666533623839643534613530656264306138373161
33306365363235653636383436376462363734353738383238366463343031336638666234636366
62633465663333333232346238626666613361653563346563393638363736363133303335633630
35623066333832616231316232346633376436653438353265363339646464313762643432653537
35326635646365623530383132333666323736343232363839306232656539356663633463643265
37616163313132373131643262393538313161316133366365646333333230653030386564363462
383534343564623038623039653965356338
